------------------------------
Generation 1
Chromosome 1
   Genes: [-0.1569083865955414, -0.9891202622783586, -0.930269342437186, -0.9721892686336, 0.17781986092489888, -0.2340138074529723, -0.770362100666985]
   Score: 2744
Chromosome 2
   Genes: [-0.1569083865955414, -0.9891202622783586, -0.930269342437186, -0.9721892686336, 0.08332105795432865, -0.07650464747113572, 0.8626585352118963]
   Score: 1321
Chromosome 3
   Genes: [-0.1569083865955414, -0.9891202622783586, 0.25923050290668903, -0.9721892686336, 0.46537521781303326, -0.07650464747113572, 0.8626585352118963]
   Score: 1268
Chromosome 4
   Genes: [-0.6403446118724252, 0.8518663450020851, 0.8760304458847838, 0.4281854148681874, 0.46537521781303326, -0.07650464747113572, 0.8626585352118963]
   Score: 1023
Chromosome 5
   Genes: [-0.6403446118724252, 0.210641113946743, 0.8760304458847838, 0.4281854148681874, 0.46537521781303326, -0.07650464747113572, 0.35914955468688947]
   Score: 893
Chromosome 6
   Genes: [-0.6403446118724252, 0.8518663450020851, 0.8760304458847838, 0.4281854148681874, 0.46537521781303326, 0.3527734928130992, -0.04443006916324088]
   Score: 850
Chromosome 7
   Genes: [-0.6403446118724252, -0.06104409983314496, 0.8760304458847838, 0.4281854148681874, 0.17781986092489888, -0.2340138074529723, -0.770362100666985]
   Score: 426
Chromosome 8
   Genes: [-0.010796708923957121, -0.5438337911013276, -0.4890521524855773, -0.20734018055444614, -0.24536980461775193, 0.9931484603092986, -0.18360559933360587]
   Score: 418
Chromosome 9
   Genes: [-0.6403446118724252, 0.8518663450020851, 0.8760304458847838, 0.4281854148681874, 0.17781986092489888, -0.2340138074529723, -0.770362100666985]
   Score: 339
Chromosome 10
   Genes: [-0.9918341150349599, -0.5438337911013276, 0.7378776770407864, -0.20734018055444614, -0.24536980461775193, 0.9931484603092986, -0.18360559933360587]
   Score: 212
Chromosome 11
   Genes: [-0.5457716586062178, 0.319752892068613, -0.04176750991409417, -0.8531053153245942, -0.7220798574607743, -0.7753856327230975, -0.04443006916324088]
   Score: 172
Chromosome 12
   Genes: [-0.010796708923957121, -0.5438337911013276, -0.4890521524855773, -0.20734018055444614, -0.24536980461775193, 0.9931484603092986, -0.18360559933360587]
   Score: 128
Chromosome 13
   Genes: [-0.010796708923957121, -0.5438337911013276, -0.4890521524855773, -0.20734018055444614, -0.24536980461775193, 0.9931484603092986, -0.22903208718034596]
   Score: 84
Chromosome 14
   Genes: [-0.010796708923957121, -0.5438337911013276, -0.4890521524855773, -0.20734018055444614, -0.24536980461775193, 0.9931484603092986, -0.18360559933360587]
   Score: 79
Chromosome 15
   Genes: [0.5437879896794271, 0.5210733760177686, -0.37998130262933594, -0.30691759087460535, -0.2964703650068752, -0.70906628700769, 0.9453293694349005]
   Score: 63
the best 2 chromosomes in this generation: 
Best Chromosome 1
   Genes: [-0.1569083865955414, -0.9891202622783586, -0.930269342437186, -0.9721892686336, 0.17781986092489888, -0.2340138074529723, -0.770362100666985]
   Score: 2744
Best Chromosome 2
   Genes: [-0.1569083865955414, -0.9891202622783586, -0.930269342437186, -0.9721892686336, 0.08332105795432865, -0.07650464747113572, 0.8626585352118963]
   Score: 1321
------------------------------

------------------------------
Generation 2
Chromosome 1
   Genes: [-0.7044448060119641, -0.5438337911013276, -0.9477969086575992, -0.20734018055444614, 0.17264980284357767, 0.9931484603092986, -0.18360559933360587]
   Score: 5055
Chromosome 2
   Genes: [-0.1569083865955414, -0.9891202622783586, 0.25923050290668903, -0.9721892686336, 0.46537521781303326, -0.07650464747113572, 0.3696077645687237]
   Score: 4358
Chromosome 3
   Genes: [-0.6403446118724252, 0.210641113946743, -0.8738560663657751, 0.4281854148681874, 0.46537521781303326, -0.2340138074529723, -0.770362100666985]
   Score: 3993
Chromosome 4
   Genes: [-0.6403446118724252, 0.8518663450020851, 0.25923050290668903, 0.6713346612402853, 0.46537521781303326, -0.857558617636198, 0.2898174870946062]
   Score: 3865
Chromosome 5
   Genes: [-0.1569083865955414, -0.9891202622783586, -0.930269342437186, -0.9721892686336, 0.17781986092489888, -0.07650464747113572, 0.35914955468688947]
   Score: 3118
Chromosome 6
   Genes: [-0.1569083865955414, -0.9891202622783586, -0.930269342437186, -0.9721892686336, 0.17781986092489888, -0.2340138074529723, -0.770362100666985]
   Score: 2744
Chromosome 7
   Genes: [-0.6403446118724252, 0.8518663450020851, 0.4189536776661318, 0.4281854148681874, 0.46537521781303326, -0.6379215086427934, 0.8626585352118963]
   Score: 1831
Chromosome 8
   Genes: [-0.9918341150349599, -0.9891202622783586, 0.25923050290668903, -0.0972123313851958, -0.004502189899303399, -0.47362093629183755, 0.8626585352118963]
   Score: 1707
Chromosome 9
   Genes: [-0.1569083865955414, -0.9891202622783586, -0.930269342437186, -0.9721892686336, 0.08332105795432865, -0.07650464747113572, 0.8626585352118963]
   Score: 1321
Chromosome 10
   Genes: [-0.1569083865955414, -0.9891202622783586, 0.25923050290668903, -0.9721892686336, 0.46537521781303326, -0.07650464747113572, 0.8626585352118963]
   Score: 1268
Chromosome 11
   Genes: [-0.6403446118724252, 0.210641113946743, 0.8760304458847838, 0.4281854148681874, 0.46537521781303326, -0.07650464747113572, 0.35914955468688947]
   Score: 1102
Chromosome 12
   Genes: [-0.6403446118724252, 0.8518663450020851, 0.8760304458847838, 0.4281854148681874, 0.46537521781303326, -0.07650464747113572, 0.8626585352118963]
   Score: 1023
Chromosome 13
   Genes: [-0.6403446118724252, 0.210641113946743, 0.8760304458847838, 0.4281854148681874, 0.46537521781303326, -0.07650464747113572, 0.35914955468688947]
   Score: 1017
Chromosome 14
   Genes: [-0.6403446118724252, 0.210641113946743, 0.8760304458847838, 0.4281854148681874, 0.46537521781303326, -0.07650464747113572, 0.35914955468688947]
   Score: 893
Chromosome 15
   Genes: [-0.6403446118724252, 0.8518663450020851, 0.8760304458847838, 0.4281854148681874, 0.46537521781303326, 0.3527734928130992, -0.04443006916324088]
   Score: 850
the best 2 chromosomes in this generation: 
Best Chromosome 1
   Genes: [-0.7044448060119641, -0.5438337911013276, -0.9477969086575992, -0.20734018055444614, 0.17264980284357767, 0.9931484603092986, -0.18360559933360587]
   Score: 5055
Best Chromosome 2
   Genes: [-0.1569083865955414, -0.9891202622783586, 0.25923050290668903, -0.9721892686336, 0.46537521781303326, -0.07650464747113572, 0.3696077645687237]
   Score: 4358
------------------------------

------------------------------
Generation 3
Chromosome 1
   Genes: [-0.6403446118724252, 0.210641113946743, -0.8738560663657751, 0.4281854148681874, 0.9853970900612516, -0.857558617636198, 0.2898174870946062]
   Score: 17018
Chromosome 2
   Genes: [-0.6403446118724252, 0.26559411368428365, -0.8738560663657751, 0.4281854148681874, 0.46537521781303326, -0.2340138074529723, 0.35914955468688947]
   Score: 6776
Chromosome 3
   Genes: [-0.7044448060119641, -0.5438337911013276, -0.9477969086575992, -0.20734018055444614, 0.17264980284357767, -0.17512716448804655, 0.3696077645687237]
   Score: 6772
Chromosome 4
   Genes: [-0.40682254913910865, -0.9891202622783586, -0.930269342437186, -0.9721892686336, 0.4387077395370058, -0.07650464747113572, -0.770362100666985]
   Score: 6434
Chromosome 5
   Genes: [-0.6403446118724252, 0.8518663450020851, -0.9554181694427373, 0.4281854148681874, 0.46537521781303326, -0.6379215086427934, 0.8626585352118963]
   Score: 5928
Chromosome 6
   Genes: [-0.6403446118724252, 0.8518663450020851, 0.4189536776661318, 0.5805997411229771, 0.46537521781303326, -0.36188383020215875, 0.8626585352118963]
   Score: 5899
Chromosome 7
   Genes: [-0.1569083865955414, -0.5438337911013276, -0.9477969086575992, -0.20734018055444614, 0.17264980284357767, -0.201669145630619, -0.18360559933360587]
   Score: 5221
Chromosome 8
   Genes: [-0.7044448060119641, -0.5438337911013276, -0.9477969086575992, -0.20734018055444614, 0.17264980284357767, 0.9931484603092986, -0.18360559933360587]
   Score: 5055
Chromosome 9
   Genes: [-0.1569083865955414, -0.9891202622783586, 0.25923050290668903, -0.9721892686336, 0.46537521781303326, -0.07650464747113572, 0.3696077645687237]
   Score: 4358
Chromosome 10
   Genes: [-0.6403446118724252, 0.210641113946743, -0.8738560663657751, 0.4281854148681874, 0.46537521781303326, -0.2340138074529723, -0.770362100666985]
   Score: 3993
Chromosome 11
   Genes: [-0.6403446118724252, 0.8518663450020851, 0.25923050290668903, 0.6713346612402853, 0.46537521781303326, -0.857558617636198, 0.2898174870946062]
   Score: 3865
Chromosome 12
   Genes: [-0.1569083865955414, -0.9891202622783586, -0.930269342437186, -0.1484953701589149, 0.17781986092489888, -0.770776974977258, -0.770362100666985]
   Score: 3229
Chromosome 13
   Genes: [-0.1569083865955414, -0.9891202622783586, -0.930269342437186, -0.9721892686336, 0.17781986092489888, -0.07650464747113572, 0.35914955468688947]
   Score: 3118
Chromosome 14
   Genes: [-0.1569083865955414, -0.9891202622783586, -0.930269342437186, -0.9721892686336, 0.17781986092489888, -0.2340138074529723, -0.770362100666985]
   Score: 2744
Chromosome 15
   Genes: [-0.6403446118724252, 0.8518663450020851, 0.4189536776661318, 0.4281854148681874, 0.46537521781303326, -0.6379215086427934, 0.8626585352118963]
   Score: 1831
the best 2 chromosomes in this generation: 
Best Chromosome 1
   Genes: [-0.6403446118724252, 0.210641113946743, -0.8738560663657751, 0.4281854148681874, 0.9853970900612516, -0.857558617636198, 0.2898174870946062]
   Score: 17018
Best Chromosome 2
   Genes: [-0.6403446118724252, 0.26559411368428365, -0.8738560663657751, 0.4281854148681874, 0.46537521781303326, -0.2340138074529723, 0.35914955468688947]
   Score: 6776
------------------------------

------------------------------
Generation 4
Chromosome 1
   Genes: [-0.40682254913910865, -0.9891202622783586, -0.930269342437186, 0.6713346612402853, 0.5087655241016162, -0.857558617636198, 0.6847614456450948]
   Score: 17362
Chromosome 2
   Genes: [-0.6403446118724252, 0.210641113946743, -0.8738560663657751, 0.4281854148681874, 0.9853970900612516, -0.857558617636198, 0.2898174870946062]
   Score: 17018
Chromosome 3
   Genes: [-0.1569083865955414, -0.9891202622783586, -0.930269342437186, -0.5350246453797849, 0.17781986092489888, -0.6379215086427934, 0.8626585352118963]
   Score: 10909
Chromosome 4
   Genes: [-0.6403446118724252, 0.210641113946743, -0.5970143509441006, 0.4281854148681874, 0.17264980284357767, 0.9931484603092986, -0.18360559933360587]
   Score: 7653
Chromosome 5
   Genes: [-0.6403446118724252, -0.5438337911013276, -0.9555869968297239, -0.20734018055444614, 0.17264980284357767, -0.807547331131355, 0.17922986598332846]
   Score: 7120
Chromosome 6
   Genes: [-0.6403446118724252, 0.26559411368428365, -0.8738560663657751, 0.4281854148681874, 0.46537521781303326, -0.2340138074529723, 0.35914955468688947]
   Score: 6776
Chromosome 7
   Genes: [-0.7044448060119641, -0.5438337911013276, -0.9477969086575992, -0.20734018055444614, 0.17264980284357767, -0.17512716448804655, 0.3696077645687237]
   Score: 6772
Chromosome 8
   Genes: [-0.6403446118724252, 0.210641113946743, -0.8738560663657751, 0.4353534005187172, 0.46537521781303326, -0.2340138074529723, 0.35914955468688947]
   Score: 6596
Chromosome 9
   Genes: [-0.40682254913910865, -0.9891202622783586, -0.930269342437186, -0.9721892686336, 0.4387077395370058, -0.07650464747113572, -0.770362100666985]
   Score: 6434
Chromosome 10
   Genes: [-0.7044448060119641, 0.8518663450020851, -0.9554181694427373, 0.18365618607686685, 0.46537521781303326, -0.6379215086427934, 0.8626585352118963]
   Score: 6208
Chromosome 11
   Genes: [-0.6403446118724252, 0.8518663450020851, -0.9554181694427373, 0.4281854148681874, 0.46537521781303326, -0.6379215086427934, 0.8626585352118963]
   Score: 5928
Chromosome 12
   Genes: [-0.6403446118724252, 0.8518663450020851, 0.4189536776661318, 0.5805997411229771, 0.46537521781303326, -0.36188383020215875, 0.8626585352118963]
   Score: 5899
Chromosome 13
   Genes: [-0.1569083865955414, -0.5438337911013276, -0.9477969086575992, -0.20734018055444614, 0.17264980284357767, -0.201669145630619, -0.18360559933360587]
   Score: 5221
Chromosome 14
   Genes: [-0.7044448060119641, -0.5438337911013276, -0.9477969086575992, -0.20734018055444614, 0.17264980284357767, 0.9931484603092986, -0.18360559933360587]
   Score: 5055
Chromosome 15
   Genes: [-0.6403446118724252, -0.5782317475766685, -0.3793798879731982, 0.4281854148681874, 0.9853970900612516, -0.857558617636198, 0.2898174870946062]
   Score: 4555
the best 2 chromosomes in this generation: 
Best Chromosome 1
   Genes: [-0.40682254913910865, -0.9891202622783586, -0.930269342437186, 0.6713346612402853, 0.5087655241016162, -0.857558617636198, 0.6847614456450948]
   Score: 17362
Best Chromosome 2
   Genes: [-0.6403446118724252, 0.210641113946743, -0.8738560663657751, 0.4281854148681874, 0.9853970900612516, -0.857558617636198, 0.2898174870946062]
   Score: 17018
------------------------------

------------------------------
Generation 5
Chromosome 1
   Genes: [-0.40682254913910865, -0.9891202622783586, -0.930269342437186, 0.6713346612402853, 0.5087655241016162, -0.857558617636198, 0.6847614456450948]
   Score: 17362
Chromosome 2
   Genes: [-0.6403446118724252, 0.210641113946743, -0.8738560663657751, 0.4281854148681874, 0.9853970900612516, -0.857558617636198, 0.2898174870946062]
   Score: 17018
Chromosome 3
   Genes: [-0.1569083865955414, -0.9891202622783586, -0.8738560663657751, 0.46441532045209777, 0.46537521781303326, -0.2340138074529723, 0.35914955468688947]
   Score: 16849
Chromosome 4
   Genes: [-0.1569083865955414, -0.9891202622783586, -0.930269342437186, -0.5350246453797849, 0.17781986092489888, -0.6379215086427934, 0.8626585352118963]
   Score: 10909
Chromosome 5
   Genes: [-0.6403446118724252, 0.210641113946743, -0.5970143509441006, 0.4281854148681874, 0.17264980284357767, 0.9931484603092986, -0.18360559933360587]
   Score: 7653
Chromosome 6
   Genes: [-0.6403446118724252, -0.5438337911013276, -0.9555869968297239, -0.20734018055444614, 0.17264980284357767, -0.807547331131355, 0.17922986598332846]
   Score: 7120
Chromosome 7
   Genes: [-0.6403446118724252, 0.26559411368428365, -0.8738560663657751, 0.4281854148681874, 0.46537521781303326, -0.2340138074529723, 0.35914955468688947]
   Score: 6776
Chromosome 8
   Genes: [-0.7044448060119641, -0.5438337911013276, -0.9477969086575992, -0.20734018055444614, 0.17264980284357767, -0.17512716448804655, 0.3696077645687237]
   Score: 6772
Chromosome 9
   Genes: [-0.6403446118724252, 0.210641113946743, -0.8738560663657751, 0.4353534005187172, 0.46537521781303326, -0.2340138074529723, 0.35914955468688947]
   Score: 6596
Chromosome 10
   Genes: [-0.6403446118724252, 0.5451672884906347, -0.9554181694427373, 0.4281854148681874, 0.46537521781303326, -0.6379215086427934, -0.24649799226352065]
   Score: 6581
Chromosome 11
   Genes: [-0.40682254913910865, -0.9891202622783586, -0.930269342437186, -0.9721892686336, 0.4387077395370058, -0.07650464747113572, -0.770362100666985]
   Score: 6434
Chromosome 12
   Genes: [-0.7044448060119641, 0.8518663450020851, -0.9554181694427373, 0.18365618607686685, 0.46537521781303326, -0.6379215086427934, 0.8626585352118963]
   Score: 6208
Chromosome 13
   Genes: [-0.40682254913910865, -0.9891202622783586, -0.9186415793957519, 0.6713346612402853, 0.46537521781303326, -0.36188383020215875, 0.8626585352118963]
   Score: 6154
Chromosome 14
   Genes: [-0.6403446118724252, 0.8518663450020851, -0.9554181694427373, 0.4281854148681874, 0.46537521781303326, -0.6379215086427934, 0.8626585352118963]
   Score: 5928
Chromosome 15
   Genes: [-0.6403446118724252, 0.8518663450020851, 0.4189536776661318, 0.5805997411229771, 0.46537521781303326, -0.36188383020215875, 0.8626585352118963]
   Score: 5899
the best 2 chromosomes in this generation: 
Best Chromosome 1
   Genes: [-0.40682254913910865, -0.9891202622783586, -0.930269342437186, 0.6713346612402853, 0.5087655241016162, -0.857558617636198, 0.6847614456450948]
   Score: 17362
Best Chromosome 2
   Genes: [-0.6403446118724252, 0.210641113946743, -0.8738560663657751, 0.4281854148681874, 0.9853970900612516, -0.857558617636198, 0.2898174870946062]
   Score: 17018
------------------------------

------------------------------
Generation 6
Chromosome 1
   Genes: [-0.1569083865955414, -0.9891202622783586, -0.930269342437186, -0.20734018055444614, 0.17264980284357767, -0.17512716448804655, 0.3696077645687237]
   Score: 32024
Chromosome 2
   Genes: [-0.1569083865955414, -0.9891202622783586, -0.8738560663657751, -0.688315901917359, 0.9853970900612516, -0.857558617636198, 0.6045986245882673]
   Score: 22010
Chromosome 3
   Genes: [-0.40682254913910865, -0.9891202622783586, -0.930269342437186, 0.6713346612402853, 0.5087655241016162, -0.857558617636198, 0.6847614456450948]
   Score: 17362
Chromosome 4
   Genes: [-0.6403446118724252, 0.210641113946743, -0.8738560663657751, 0.4281854148681874, 0.9853970900612516, -0.857558617636198, 0.2898174870946062]
   Score: 17018
Chromosome 5
   Genes: [-0.1569083865955414, -0.9891202622783586, -0.8738560663657751, 0.46441532045209777, 0.46537521781303326, -0.2340138074529723, 0.35914955468688947]
   Score: 16849
Chromosome 6
   Genes: [-0.1569083865955414, -0.9891202622783586, -0.930269342437186, -0.5350246453797849, 0.17781986092489888, -0.6379215086427934, 0.8626585352118963]
   Score: 10909
Chromosome 7
   Genes: [-0.7044448060119641, 0.8518663450020851, -0.9554181694427373, 0.18365618607686685, 0.46537521781303326, -0.2340138074529723, 0.35914955468688947]
   Score: 10206
Chromosome 8
   Genes: [-0.7044448060119641, 0.012137935196244065, -0.9477969086575992, -0.5350246453797849, 0.17781986092489888, -0.6379215086427934, 0.8626585352118963]
   Score: 8147
Chromosome 9
   Genes: [-0.6403446118724252, 0.210641113946743, -0.5970143509441006, 0.4281854148681874, 0.17264980284357767, 0.9931484603092986, -0.18360559933360587]
   Score: 7653
Chromosome 10
   Genes: [-0.6403446118724252, -0.5438337911013276, -0.9555869968297239, -0.20734018055444614, 0.17264980284357767, -0.807547331131355, 0.17922986598332846]
   Score: 7120
Chromosome 11
   Genes: [-0.1569083865955414, -0.9280050322142595, -0.8232011071173837, -0.5350246453797849, 0.17781986092489888, 0.9768830300138593, 0.8626585352118963]
   Score: 6970
Chromosome 12
   Genes: [-0.6403446118724252, 0.26559411368428365, -0.8738560663657751, 0.4281854148681874, 0.46537521781303326, -0.2340138074529723, 0.35914955468688947]
   Score: 6776
Chromosome 13
   Genes: [-0.7044448060119641, -0.5438337911013276, -0.9477969086575992, -0.20734018055444614, 0.17264980284357767, -0.17512716448804655, 0.3696077645687237]
   Score: 6772
Chromosome 14
   Genes: [-0.40682254913910865, -0.9273493242681994, -0.930269342437186, 0.6713346612402853, 0.5087655241016162, -0.857558617636198, 0.2898174870946062]
   Score: 6654
Chromosome 15
   Genes: [-0.6403446118724252, 0.210641113946743, -0.8738560663657751, 0.4353534005187172, 0.46537521781303326, -0.2340138074529723, 0.35914955468688947]
   Score: 6596
the best 2 chromosomes in this generation: 
Best Chromosome 1
   Genes: [-0.1569083865955414, -0.9891202622783586, -0.930269342437186, -0.20734018055444614, 0.17264980284357767, -0.17512716448804655, 0.3696077645687237]
   Score: 32024
Best Chromosome 2
   Genes: [-0.1569083865955414, -0.9891202622783586, -0.8738560663657751, -0.688315901917359, 0.9853970900612516, -0.857558617636198, 0.6045986245882673]
   Score: 22010
------------------------------

------------------------------
Generation 7
Chromosome 1
   Genes: [-0.1569083865955414, -0.9891202622783586, -0.8738560663657751, -0.688315901917359, 0.9853970900612516, -0.6379215086427934, 0.8626585352118963]
   Score: 50001
Chromosome 2
   Genes: [-0.1569083865955414, -0.9891202622783586, -0.930269342437186, -0.20734018055444614, 0.17264980284357767, -0.17512716448804655, 0.3696077645687237]
   Score: 32024
Chromosome 3
   Genes: [-0.1569083865955414, -0.9891202622783586, -0.8738560663657751, -0.688315901917359, 0.9853970900612516, -0.857558617636198, 0.6045986245882673]
   Score: 22010
Chromosome 4
   Genes: [-0.40682254913910865, -0.9891202622783586, -0.930269342437186, 0.6713346612402853, 0.5087655241016162, -0.857558617636198, 0.6847614456450948]
   Score: 17362
Chromosome 5
   Genes: [-0.6403446118724252, 0.210641113946743, -0.8738560663657751, 0.4281854148681874, 0.9853970900612516, -0.857558617636198, 0.2898174870946062]
   Score: 17018
Chromosome 6
   Genes: [-0.1569083865955414, -0.9891202622783586, -0.8738560663657751, 0.46441532045209777, 0.46537521781303326, -0.2340138074529723, 0.35914955468688947]
   Score: 16849
Chromosome 7
   Genes: [-0.7044448060119641, 0.012137935196244065, -0.9477969086575992, -0.9765926986561562, 0.9853970900612516, -0.857558617636198, 0.8374946463691153]
   Score: 12355
Chromosome 8
   Genes: [-0.7044448060119641, -0.5438337911013276, -0.9477969086575992, -0.20734018055444614, 0.17264980284357767, -0.17512716448804655, 0.3696077645687237]
   Score: 12234
Chromosome 9
   Genes: [-0.1569083865955414, -0.9891202622783586, -0.930269342437186, -0.5350246453797849, 0.17781986092489888, -0.6379215086427934, 0.8626585352118963]
   Score: 10909
Chromosome 10
   Genes: [-0.7044448060119641, -0.5438337911013276, -0.9477969086575992, -0.20734018055444614, 0.17264980284357767, -0.17512716448804655, 0.3696077645687237]
   Score: 10864
Chromosome 11
   Genes: [-0.6403446118724252, -0.5438337911013276, -0.8738560663657751, -0.3632085570910688, 0.9853970900612516, -0.857558617636198, 0.6045986245882673]
   Score: 10424
Chromosome 12
   Genes: [-0.7044448060119641, 0.8518663450020851, -0.9554181694427373, 0.18365618607686685, 0.46537521781303326, -0.2340138074529723, 0.35914955468688947]
   Score: 10206
Chromosome 13
   Genes: [-0.8536578115960709, -0.9891202622783586, -0.8738560663657751, 0.46441532045209777, 0.46537521781303326, 0.7746939222475142, 0.3696077645687237]
   Score: 10174
Chromosome 14
   Genes: [-0.7044448060119641, 0.012137935196244065, -0.9477969086575992, -0.5350246453797849, 0.17781986092489888, -0.6379215086427934, 0.8626585352118963]
   Score: 8147
Chromosome 15
   Genes: [-0.6403446118724252, 0.210641113946743, -0.5970143509441006, 0.4281854148681874, 0.17264980284357767, 0.9931484603092986, -0.18360559933360587]
   Score: 7653
the best 2 chromosomes in this generation: 
Best Chromosome 1
   Genes: [-0.1569083865955414, -0.9891202622783586, -0.8738560663657751, -0.688315901917359, 0.9853970900612516, -0.6379215086427934, 0.8626585352118963]
   Score: 50001
Best Chromosome 2
   Genes: [-0.1569083865955414, -0.9891202622783586, -0.930269342437186, -0.20734018055444614, 0.17264980284357767, -0.17512716448804655, 0.3696077645687237]
   Score: 32024
------------------------------

------------------------------
Generation 8
Chromosome 1
   Genes: [-0.1569083865955414, -0.9891202622783586, -0.8738560663657751, -0.688315901917359, 0.9853970900612516, -0.6379215086427934, 0.8626585352118963]
   Score: 50001
Chromosome 2
   Genes: [-0.1569083865955414, -0.9891202622783586, -0.930269342437186, -0.20734018055444614, 0.17264980284357767, -0.17512716448804655, 0.3696077645687237]
   Score: 32024
Chromosome 3
   Genes: [-0.1569083865955414, -0.9891202622783586, -0.8738560663657751, -0.688315901917359, 0.9853970900612516, -0.857558617636198, 0.6045986245882673]
   Score: 26480
Chromosome 4
   Genes: [-0.6403446118724252, 0.210641113946743, -0.8738560663657751, 0.4281854148681874, 0.9853970900612516, -0.857558617636198, 0.3696077645687237]
   Score: 24477
Chromosome 5
   Genes: [-0.1569083865955414, -0.9891202622783586, -0.8738560663657751, -0.688315901917359, 0.9853970900612516, -0.857558617636198, 0.6045986245882673]
   Score: 22010
Chromosome 6
   Genes: [-0.40682254913910865, -0.9891202622783586, -0.930269342437186, 0.6713346612402853, 0.5087655241016162, -0.857558617636198, 0.6847614456450948]
   Score: 17362
Chromosome 7
   Genes: [-0.6403446118724252, 0.210641113946743, -0.8738560663657751, 0.4281854148681874, 0.9853970900612516, -0.857558617636198, 0.2898174870946062]
   Score: 17018
Chromosome 8
   Genes: [-0.1569083865955414, -0.9891202622783586, -0.8738560663657751, 0.46441532045209777, 0.46537521781303326, -0.2340138074529723, 0.35914955468688947]
   Score: 16849
Chromosome 9
   Genes: [-0.6403446118724252, 0.210641113946743, -0.8738560663657751, -0.9765926986561562, 0.9853970900612516, -0.857558617636198, 0.8374946463691153]
   Score: 13898
Chromosome 10
   Genes: [-0.7044448060119641, 0.012137935196244065, -0.7151702507902873, -0.9765926986561562, 0.9853970900612516, -0.857558617636198, 0.6590067461050433]
   Score: 13414
Chromosome 11
   Genes: [-0.7044448060119641, 0.012137935196244065, -0.9477969086575992, 0.24198647961381292, 0.9853970900612516, -0.857558617636198, 0.8374946463691153]
   Score: 12560
Chromosome 12
   Genes: [-0.7044448060119641, 0.012137935196244065, -0.9477969086575992, -0.9765926986561562, 0.9853970900612516, -0.857558617636198, 0.8374946463691153]
   Score: 12355
Chromosome 13
   Genes: [-0.7044448060119641, -0.5438337911013276, -0.9477969086575992, -0.20734018055444614, 0.17264980284357767, -0.17512716448804655, 0.3696077645687237]
   Score: 12234
Chromosome 14
   Genes: [-0.1569083865955414, -0.9891202622783586, -0.930269342437186, -0.5350246453797849, 0.17781986092489888, -0.6379215086427934, 0.8626585352118963]
   Score: 10909
Chromosome 15
   Genes: [-0.7044448060119641, -0.5438337911013276, -0.9477969086575992, -0.20734018055444614, 0.17264980284357767, -0.17512716448804655, 0.3696077645687237]
   Score: 10864
the best 2 chromosomes in this generation: 
Best Chromosome 1
   Genes: [-0.1569083865955414, -0.9891202622783586, -0.8738560663657751, -0.688315901917359, 0.9853970900612516, -0.6379215086427934, 0.8626585352118963]
   Score: 50001
Best Chromosome 2
   Genes: [-0.1569083865955414, -0.9891202622783586, -0.930269342437186, -0.20734018055444614, 0.17264980284357767, -0.17512716448804655, 0.3696077645687237]
   Score: 32024
------------------------------

------------------------------
Generation 9
Chromosome 1
   Genes: [-0.1569083865955414, -0.9891202622783586, -0.9477969086575992, -0.20734018055444614, 0.5227476359230623, -0.17512716448804655, 0.3696077645687237]
   Score: 50009
Chromosome 2
   Genes: [-0.1569083865955414, -0.9891202622783586, -0.8738560663657751, -0.688315901917359, 0.9853970900612516, -0.6379215086427934, 0.8626585352118963]
   Score: 50001
Chromosome 3
   Genes: [-0.1569083865955414, -0.9200147369225098, -0.9477969086575992, -0.20734018055444614, 0.17264980284357767, -0.17512716448804655, 0.3696077645687237]
   Score: 42607
Chromosome 4
   Genes: [-0.1569083865955414, -0.9891202622783586, -0.930269342437186, -0.20734018055444614, 0.17264980284357767, -0.17512716448804655, 0.3696077645687237]
   Score: 32024
Chromosome 5
   Genes: [-0.1569083865955414, -0.9891202622783586, -0.8738560663657751, -0.688315901917359, 0.9853970900612516, -0.857558617636198, 0.6045986245882673]
   Score: 26480
Chromosome 6
   Genes: [-0.6403446118724252, 0.210641113946743, -0.8738560663657751, 0.4281854148681874, 0.9853970900612516, -0.857558617636198, 0.3696077645687237]
   Score: 24477
Chromosome 7
   Genes: [-0.1569083865955414, -0.9891202622783586, -0.8738560663657751, -0.688315901917359, 0.9853970900612516, -0.857558617636198, 0.6045986245882673]
   Score: 22010
Chromosome 8
   Genes: [-0.764990374848497, -0.9891202622783586, -0.8738560663657751, -0.688315901917359, 0.8593559473303649, 0.7906918123964997, 0.45362843135482467]
   Score: 20448
Chromosome 9
   Genes: [-0.1569083865955414, 0.1786088912910475, -0.8738560663657751, -0.688315901917359, 0.9853970900612516, -0.6379215086427934, 0.8626585352118963]
   Score: 17801
Chromosome 10
   Genes: [-0.40682254913910865, -0.9891202622783586, -0.930269342437186, 0.6713346612402853, 0.5087655241016162, -0.857558617636198, 0.6847614456450948]
   Score: 17362
Chromosome 11
   Genes: [-0.6403446118724252, 0.210641113946743, -0.8738560663657751, 0.4281854148681874, 0.9853970900612516, -0.857558617636198, 0.2898174870946062]
   Score: 17018
Chromosome 12
   Genes: [-0.1569083865955414, -0.9891202622783586, -0.8738560663657751, 0.46441532045209777, 0.46537521781303326, -0.2340138074529723, 0.35914955468688947]
   Score: 16849
Chromosome 13
   Genes: [-0.1569083865955414, -0.9891202622783586, -0.8738560663657751, -0.688315901917359, 0.9853970900612516, -0.6379215086427934, 0.8626585352118963]
   Score: 15378
Chromosome 14
   Genes: [-0.6403446118724252, 0.210641113946743, -0.8738560663657751, -0.9765926986561562, 0.9853970900612516, -0.857558617636198, 0.8374946463691153]
   Score: 13898
Chromosome 15
   Genes: [-0.7044448060119641, 0.012137935196244065, -0.7151702507902873, -0.9765926986561562, 0.9853970900612516, -0.857558617636198, 0.6590067461050433]
   Score: 13414
the best 2 chromosomes in this generation: 
Best Chromosome 1
   Genes: [-0.1569083865955414, -0.9891202622783586, -0.9477969086575992, -0.20734018055444614, 0.5227476359230623, -0.17512716448804655, 0.3696077645687237]
   Score: 50009
Best Chromosome 2
   Genes: [-0.1569083865955414, -0.9891202622783586, -0.8738560663657751, -0.688315901917359, 0.9853970900612516, -0.6379215086427934, 0.8626585352118963]
   Score: 50001
------------------------------

------------------------------
Generation 10
Chromosome 1
   Genes: [-0.1569083865955414, -0.9891202622783586, -0.9477969086575992, -0.20734018055444614, 0.5227476359230623, -0.17512716448804655, 0.3696077645687237]
   Score: 50081
Chromosome 2
   Genes: [-0.1569083865955414, -0.9891202622783586, -0.9477969086575992, -0.20734018055444614, 0.5227476359230623, -0.17512716448804655, 0.3696077645687237]
   Score: 50009
Chromosome 3
   Genes: [-0.1569083865955414, -0.9891202622783586, -0.8738560663657751, -0.688315901917359, 0.9853970900612516, -0.6379215086427934, 0.8626585352118963]
   Score: 50001
Chromosome 4
   Genes: [-0.1569083865955414, -0.9200147369225098, -0.9477969086575992, -0.20734018055444614, 0.17264980284357767, -0.17512716448804655, 0.3696077645687237]
   Score: 42607
Chromosome 5
   Genes: [-0.1569083865955414, -0.9891202622783586, -0.9477969086575992, 0.045593164439093226, 0.5227476359230623, -0.9879487546015839, 0.3696077645687237]
   Score: 37174
Chromosome 6
   Genes: [-0.1569083865955414, -0.9891202622783586, -0.8738560663657751, 0.4281854148681874, 0.9853970900612516, -0.857558617636198, 0.2898174870946062]
   Score: 36753
Chromosome 7
   Genes: [-0.1569083865955414, -0.9891202622783586, -0.930269342437186, -0.20734018055444614, 0.17264980284357767, -0.17512716448804655, 0.3696077645687237]
   Score: 32024
Chromosome 8
   Genes: [-0.1569083865955414, -0.9891202622783586, -0.8738560663657751, -0.688315901917359, 0.9853970900612516, -0.857558617636198, 0.6045986245882673]
   Score: 26480
Chromosome 9
   Genes: [-0.6403446118724252, 0.210641113946743, -0.8738560663657751, 0.4281854148681874, 0.9853970900612516, -0.857558617636198, 0.3696077645687237]
   Score: 24477
Chromosome 10
   Genes: [-0.1569083865955414, -0.9891202622783586, -0.8738560663657751, -0.688315901917359, 0.9853970900612516, -0.857558617636198, 0.6045986245882673]
   Score: 22010
Chromosome 11
   Genes: [-0.1569083865955414, 0.1786088912910475, -0.8738560663657751, -0.688315901917359, 0.9853970900612516, -0.6379215086427934, 0.35914955468688947]
   Score: 20585
Chromosome 12
   Genes: [-0.764990374848497, -0.9891202622783586, -0.8738560663657751, -0.688315901917359, 0.8593559473303649, 0.7906918123964997, 0.45362843135482467]
   Score: 20448
Chromosome 13
   Genes: [-0.1569083865955414, -0.9891202622783586, -0.9477969086575992, -0.20734018055444614, 0.5227476359230623, -0.17512716448804655, 0.42706694577980797]
   Score: 20185
Chromosome 14
   Genes: [-0.1569083865955414, 0.1786088912910475, -0.8738560663657751, -0.688315901917359, 0.9853970900612516, -0.6379215086427934, 0.8626585352118963]
   Score: 17801
Chromosome 15
   Genes: [-0.40682254913910865, -0.9891202622783586, -0.930269342437186, 0.6713346612402853, 0.5087655241016162, -0.857558617636198, 0.6847614456450948]
   Score: 17362
the best 2 chromosomes in this generation: 
Best Chromosome 1
   Genes: [-0.1569083865955414, -0.9891202622783586, -0.9477969086575992, -0.20734018055444614, 0.5227476359230623, -0.17512716448804655, 0.3696077645687237]
   Score: 50081
Best Chromosome 2
   Genes: [-0.1569083865955414, -0.9891202622783586, -0.9477969086575992, -0.20734018055444614, 0.5227476359230623, -0.17512716448804655, 0.3696077645687237]
   Score: 50009
------------------------------

------------------------------
Generation 11
Chromosome 1
   Genes: [-0.1569083865955414, -0.9891202622783586, -0.9477969086575992, 0.045593164439093226, 0.5227476359230623, -0.22043626796392823, 0.3696077645687237]
   Score: 50639
Chromosome 2
   Genes: [-0.1569083865955414, -0.9891202622783586, -0.9477969086575992, -0.20734018055444614, 0.5227476359230623, -0.17512716448804655, 0.3696077645687237]
   Score: 50081
Chromosome 3
   Genes: [-0.1569083865955414, -0.9891202622783586, -0.9477969086575992, -0.20734018055444614, 0.5227476359230623, -0.17512716448804655, 0.3696077645687237]
   Score: 50009
Chromosome 4
   Genes: [-0.1569083865955414, -0.9891202622783586, -0.8738560663657751, -0.688315901917359, 0.9853970900612516, -0.6379215086427934, 0.8626585352118963]
   Score: 50001
Chromosome 5
   Genes: [-0.1569083865955414, -0.9200147369225098, -0.9477969086575992, -0.20734018055444614, 0.17264980284357767, -0.17512716448804655, 0.3696077645687237]
   Score: 42607
Chromosome 6
   Genes: [-0.1569083865955414, -0.9891202622783586, -0.9477969086575992, 0.045593164439093226, 0.5227476359230623, -0.9879487546015839, 0.3696077645687237]
   Score: 37174
Chromosome 7
   Genes: [-0.1569083865955414, -0.9891202622783586, -0.8738560663657751, 0.4281854148681874, 0.9853970900612516, -0.857558617636198, 0.2898174870946062]
   Score: 36753
Chromosome 8
   Genes: [-0.1569083865955414, -0.9891202622783586, -0.930269342437186, -0.20734018055444614, 0.17264980284357767, -0.17512716448804655, 0.3696077645687237]
   Score: 32024
Chromosome 9
   Genes: [-0.1569083865955414, -0.9891202622783586, -0.8738560663657751, -0.688315901917359, 0.9853970900612516, -0.857558617636198, 0.6045986245882673]
   Score: 26480
Chromosome 10
   Genes: [-0.6403446118724252, 0.210641113946743, -0.8738560663657751, 0.4281854148681874, 0.9853970900612516, -0.857558617636198, 0.3696077645687237]
   Score: 24477
Chromosome 11
   Genes: [-0.1569083865955414, -0.9891202622783586, -0.8738560663657751, -0.688315901917359, 0.9853970900612516, -0.857558617636198, 0.6045986245882673]
   Score: 22010
Chromosome 12
   Genes: [-0.1569083865955414, 0.1786088912910475, -0.8738560663657751, -0.688315901917359, 0.9853970900612516, -0.6379215086427934, 0.35914955468688947]
   Score: 20585
Chromosome 13
   Genes: [-0.764990374848497, -0.9891202622783586, -0.8738560663657751, -0.688315901917359, 0.8593559473303649, 0.7906918123964997, 0.45362843135482467]
   Score: 20448
Chromosome 14
   Genes: [-0.1569083865955414, -0.9891202622783586, -0.9477969086575992, -0.20734018055444614, 0.5227476359230623, -0.17512716448804655, 0.42706694577980797]
   Score: 20185
Chromosome 15
   Genes: [-0.1569083865955414, -0.9891202622783586, -0.930269342437186, 0.7914819796158161, 0.17264980284357767, -0.17512716448804655, 0.3696077645687237]
   Score: 19128
the best 2 chromosomes in this generation: 
Best Chromosome 1
   Genes: [-0.1569083865955414, -0.9891202622783586, -0.9477969086575992, 0.045593164439093226, 0.5227476359230623, -0.22043626796392823, 0.3696077645687237]
   Score: 50639
Best Chromosome 2
   Genes: [-0.1569083865955414, -0.9891202622783586, -0.9477969086575992, -0.20734018055444614, 0.5227476359230623, -0.17512716448804655, 0.3696077645687237]
   Score: 50081
------------------------------

------------------------------
Generation 12
Chromosome 1
   Genes: [-0.1569083865955414, -0.9891202622783586, -0.9477969086575992, 0.045593164439093226, 0.5227476359230623, -0.22043626796392823, 0.3696077645687237]
   Score: 50639
Chromosome 2
   Genes: [-0.1569083865955414, -0.9891202622783586, -0.9477969086575992, -0.20734018055444614, 0.5227476359230623, -0.17512716448804655, 0.3696077645687237]
   Score: 50081
Chromosome 3
   Genes: [-0.1569083865955414, -0.9891202622783586, -0.930269342437186, -0.20734018055444614, 0.5227476359230623, -0.17512716448804655, 0.7698060509589777]
   Score: 50060
Chromosome 4
   Genes: [-0.1569083865955414, -0.9891202622783586, -0.9477969086575992, -0.20734018055444614, 0.5227476359230623, -0.17512716448804655, 0.3696077645687237]
   Score: 50009
Chromosome 5
   Genes: [-0.1569083865955414, -0.9891202622783586, -0.8738560663657751, -0.688315901917359, 0.9853970900612516, -0.6379215086427934, 0.8626585352118963]
   Score: 50001
Chromosome 6
   Genes: [-0.1569083865955414, -0.9891202622783586, -0.930269342437186, 0.09044507326782769, 0.8593559473303649, 0.7906918123964997, 0.45362843135482467]
   Score: 47341
Chromosome 7
   Genes: [-0.1569083865955414, -0.9200147369225098, -0.9477969086575992, -0.20734018055444614, 0.17264980284357767, -0.17512716448804655, 0.3696077645687237]
   Score: 42607
Chromosome 8
   Genes: [-0.1569083865955414, -0.9891202622783586, -0.9477969086575992, 0.045593164439093226, 0.5227476359230623, -0.9879487546015839, 0.3696077645687237]
   Score: 37174
Chromosome 9
   Genes: [-0.1569083865955414, -0.9891202622783586, -0.8738560663657751, 0.4281854148681874, 0.9853970900612516, -0.857558617636198, 0.2898174870946062]
   Score: 36753
Chromosome 10
   Genes: [-0.1569083865955414, -0.9891202622783586, -0.930269342437186, -0.20734018055444614, 0.17264980284357767, -0.17512716448804655, 0.3696077645687237]
   Score: 32024
Chromosome 11
   Genes: [-0.1569083865955414, -0.9891202622783586, -0.8738560663657751, -0.688315901917359, 0.9853970900612516, -0.857558617636198, 0.6045986245882673]
   Score: 27532
Chromosome 12
   Genes: [-0.1569083865955414, -0.9891202622783586, -0.8738560663657751, -0.688315901917359, 0.9853970900612516, -0.857558617636198, 0.6045986245882673]
   Score: 26480
Chromosome 13
   Genes: [-0.6403446118724252, 0.210641113946743, -0.8738560663657751, 0.4281854148681874, 0.9853970900612516, -0.857558617636198, 0.3696077645687237]
   Score: 24477
Chromosome 14
   Genes: [-0.1569083865955414, -0.9891202622783586, -0.8738560663657751, -0.688315901917359, 0.9853970900612516, -0.857558617636198, 0.6045986245882673]
   Score: 22010
Chromosome 15
   Genes: [-0.1569083865955414, 0.1786088912910475, -0.8738560663657751, -0.688315901917359, 0.9853970900612516, -0.6379215086427934, 0.35914955468688947]
   Score: 20585
the best 2 chromosomes in this generation: 
Best Chromosome 1
   Genes: [-0.1569083865955414, -0.9891202622783586, -0.9477969086575992, 0.045593164439093226, 0.5227476359230623, -0.22043626796392823, 0.3696077645687237]
   Score: 50639
Best Chromosome 2
   Genes: [-0.1569083865955414, -0.9891202622783586, -0.9477969086575992, -0.20734018055444614, 0.5227476359230623, -0.17512716448804655, 0.3696077645687237]
   Score: 50081
------------------------------

Best Chromosome Overall Genes: [-0.1569083865955414, -0.9891202622783586, -0.9477969086575992, 0.045593164439093226, 0.5227476359230623, -0.22043626796392823, 0.3696077645687237]
Best Chromosome Overall Score: 50639 
